Some((
    red: 0.17069986,
    green: 0.18432666,
    blue: 0.21158028,
    alpha: 1.0,
))